Table pos,Team name,Points,Home Points,Away Points,Wins,Draws,Loses,Possesion %,Goals,Goals against,Goal diff,Conversion rate,X goals,X goals per game,X goals against,X goals against per game,Shots per game,Acc shots per game,Fouls,Fouled,Distance/game,Sprints/game,Yellow Cards,Red Cards
1,ŚLĄ,37.0,17.0,20.0,11.0,4.0,2.0,41.0,29.0,14.0,15.0,19.33,22.67,1.33,22.66,1.33,8.82,4.41,204.0,209.0,110.01,79.88,38.0,3.0
2,JAG,34.0,22.0,12.0,10.0,4.0,3.0,56.0,38.0,22.0,16.0,22.89,26.86,1.58,18.22,1.07,9.76,4.88,196.0,229.0,115.6,87.47,36.0,0.0
3,LPO,32.0,20.0,12.0,9.0,5.0,3.0,60.0,30.0,22.0,8.0,18.75,19.99,1.18,21.64,1.27,9.41,5.0,210.0,211.0,110.64,89.59,34.0,1.0
4,RCZ,29.0,21.0,8.0,8.0,5.0,3.0,56.0,32.0,18.0,14.0,20.65,25.27,1.58,15.33,0.96,9.69,5.19,223.0,212.0,119.8,110.5,33.0,0.0
5,LEG,28.0,17.0,11.0,8.0,4.0,4.0,59.0,26.0,20.0,6.0,13.54,25.3,1.58,17.54,1.1,12.0,5.0,212.0,225.0,114.59,99.69,39.0,3.0
6,POG,26.0,13.0,13.0,8.0,2.0,7.0,56.0,29.0,19.0,10.0,15.03,29.13,1.71,17.56,1.03,11.35,5.29,170.0,166.0,111.13,110.18,33.0,1.0
7,ZAG,24.0,15.0,9.0,7.0,3.0,7.0,51.0,19.0,27.0,-8.0,11.31,21.38,1.26,23.29,1.37,9.88,4.59,195.0,236.0,112.03,88.76,26.0,4.0
8,RAD,22.0,9.0,13.0,6.0,4.0,7.0,51.0,21.0,20.0,1.0,11.17,24.34,1.43,23.47,1.38,11.06,3.59,244.0,261.0,111.47,97.59,39.0,0.0
9,GÓR,22.0,14.0,8.0,6.0,4.0,7.0,50.0,18.0,20.0,-2.0,11.84,19.06,1.12,23.75,1.4,8.94,3.76,241.0,229.0,111.28,100.0,33.0,3.0
10,WID,22.0,15.0,7.0,6.0,4.0,7.0,52.0,21.0,24.0,-3.0,12.96,19.59,1.15,23.58,1.39,9.53,4.18,213.0,190.0,118.01,98.47,39.0,2.0
11,STM,21.0,14.0,7.0,6.0,3.0,7.0,48.0,23.0,24.0,-1.0,17.83,15.95,1.0,25.06,1.57,8.06,3.81,188.0,165.0,114.34,85.31,29.0,2.0
12,PIA,18.0,10.0,8.0,2.0,12.0,2.0,49.0,14.0,14.0,0.0,8.75,26.37,1.55,12.13,0.71,9.41,3.71,224.0,246.0,108.69,81.94,33.0,3.0
13,WAR,18.0,6.0,12.0,4.0,6.0,7.0,39.0,17.0,20.0,-3.0,15.32,17.24,1.01,19.95,1.17,6.53,2.88,275.0,184.0,116.42,94.18,47.0,1.0
14,KOR,17.0,10.0,7.0,3.0,8.0,5.0,51.0,19.0,20.0,-1.0,12.1,18.44,1.15,17.33,1.08,9.81,4.06,207.0,208.0,114.04,100.25,30.0,0.0
15,CRA,17.0,7.0,10.0,3.0,8.0,5.0,47.0,18.0,24.0,-6.0,11.04,18.64,1.17,20.94,1.31,10.19,4.31,208.0,181.0,110.64,93.38,32.0,1.0
16,PUN,16.0,12.0,4.0,4.0,4.0,8.0,38.0,20.0,31.0,-11.0,15.15,18.2,1.07,24.45,1.44,7.76,3.0,289.0,207.0,111.39,96.82,47.0,2.0
17,RCH,11.0,7.0,4.0,1.0,8.0,8.0,44.0,19.0,31.0,-12.0,14.84,18.93,1.11,27.95,1.64,7.53,3.18,222.0,236.0,112.81,83.24,41.0,3.0
18,ŁKS,8.0,8.0,0.0,2.0,2.0,12.0,49.0,11.0,34.0,-23.0,8.87,15.17,0.95,28.44,1.78,7.75,2.75,254.0,229.0,115.83,100.0,38.0,4.0
